%YAML:1.0
---
model_type: PINHOLE
camera_name: camera
image_width: 640
image_height: 480
distortion_parameters:
   k1: 0.0
   k2: 0.0
   p1: 0.0
   p2: 0.0
projection_parameters:
   fx: 387.7941597607763
   fy: 387.2190108452458
   cx: 319.93893360606114
   cy: 238.1418158293684
