%YAML:1.0
---
model_type: PINHOLE
camera_name: camera
image_width: 640
image_height: 480
distortion_parameters:
   k1: 0.0
   k2: 0.0
   p1: 0.0
   p2: 0.0
projection_parameters:
   fx: 388.47834486194046
   fy: 387.7880416119694
   cx: 317.5804657307496
   cy: 238.20115089444758

