%YAML:1.0
---
model_type: PINHOLE
camera_name: camera
image_width: 640
image_height: 480
distortion_parameters:
   k1: 0.0
   k2: 0.0
   p1: 0.0
   p2: 0.0
projection_parameters:
   fx: 381.13953553284995
   fy: 380.6782671972222
   cx: 323.32162668349025
   cy: 237.78303141402978
