%YAML:1.0
---
model_type: PINHOLE
camera_name: camera
image_width: 640
image_height: 480
distortion_parameters:
   k1: 0.0
   k2: 0.0
   p1: 0.0
   p2: 0.0
projection_parameters:
   fx: 380.6708062721123
   fy: 380.1579902549158
   cx: 324.59678327814896
   cy: 238.2605605167838
