%YAML:1.0
---
model_type: PINHOLE
camera_name: camera
image_width: 640
image_height: 480
distortion_parameters:
   k1: 0.0
   k2: 0.0
   p1: 0.0
   p2: 0.0
projection_parameters:
   fx: 380.7892464558498
   fy: 379.96107684045074
   cx: 322.76261875021646
   cy: 241.6237561168206
