%YAML:1.0
---
model_type: PINHOLE
camera_name: camera
image_width: 640
image_height: 480
distortion_parameters:
   k1: 0.0
   k2: 0.0
   p1: 0.0
   p2: 0.0
projection_parameters:
   fx: 380.5606785822446
   fy: 380.2531501912409
   cx: 321.24072549695813
   cy: 240.6495298030595
